986632511389544
417497171919243
67558139928
21164211233
101012148036921
166677693366218
1734198370146794
1507170379496540
167677049950722
1845958572371764
599834330123935
151460515460306
17353926534
36786411434
374777242078
248570208512540
221887531226639
357595679961
292195811508959
1398576453497130
432336723640228
1000247980032193
359468957908943
498627870191433
1800509450232610
145863032627756
1000247980032193
267883700309849
1999149720304220
270229713621363
270229713621363
1349623128382723
245209868865316
695605000462574
374777242078
599834330123935
53788620694
80704363246
17353926534
194032223976103
151460515460306
36786411434
324658284241923
221887531226639
225952730433
248570208512540
636794109715023
160355148441
1515768312081946
357595679961
278014150178
109758863762508
2068705829827796
165006296888249
1718428065101168
835157999933768
1442990935980856
102446407879452
150230961716913
385822541529169
742393435871897
364857507021671
206588216425327
509281955790351
159939160727241
217934864971247
635192679941785
662119780484792
1406764156018836
869795023097597
1798007370432514
285180005193450
196820930650254
137652232971394
202731536487
1474800226147838
769703139819691
249899838876126
1827688390861005
125252074226902
267251433286487
219794458380622
367307886773363
289982907718178
470879753084830
93256777219
277932982321431
294617773886841
150689888450203
135398079997913
553602824682415
256301717722842
1690386724531957
1515359342053896
1443848569014174
1175651908
253262290732
132619263485044
1894221024133162
1734445390108230
313731568670376
115294955205724
859563914157499
197221377039339
194107884024929
100002555237381
100012874170625
100029154703223
100021645503332
100016981936839
100010990362832
100033479719514
600286850403144
1541916062500048
250511699645
44556119463
274851016245408
1455306564733707
967938479941671
750523691758661
208032999830617
101319837047287
124338390950780
144933727426
135967969771833
74527513205
315264258670666
421281377954375
135086215212
599214083447296
105814284170368
1119465804879172
527462993980470
222076898445284
96357803287
566423656872276
1399439130358662
817051585092606
217274983993
282158645588804
413245779046346
129264773760093
132067506887236
266604266764047
103066337429
175401799136503
105518809505324
133988960373379
114547457642
361775188452
1797993397145594
318378528561395
76528042101
432336723640228
2391958064366174
2225134760878137
292333604776994
103569764468174
128674222187
193978763999934
333597410004922
1125096954360846
103749797765767
1951126861846813
649208025117595
127403457908519
107446010614408
262398833916653
2101590819913315
1766647883568028
799186696886760
816524605177805
186898549376
353625608089113
653923778309018
1701300033528340
167869550668953
718143874958659
217581931747735
178927528810376
831450850315835
1523412901313490
894753523886051
66886142640
292733804164042
752613664836207
165452060023
113717152008571
143806515664337
215065591886773
847034142012155
137473109756643
336394033492332
142327912451819
931475670196455
524324397668390
350005585069284
117740101588188
305872382351
289140274525060
198503963508317
1394866840805957
380536335320093
357174517724542
193221910697761
396062567111282
122547697557
1494342454153363
735771363118774
1452059854857194
114616471928580
1677532142549491
1631319076967130
521648991257055
280835495294735
265134686905181
229172454096970
83348429930
133143383376718
224293884299399
383767665088202
750161978526361
389224781186288
867744053261300
147810415382310
755570721229324
337205826371986
153022218082084
252032711635152
390733061094464
217045681754767
286506207927
1067721149960890
119573194818796
663252600461875
233402133510931
1436132989984381
1694602620823414
608925165792115
1030085483693704
267431229965660
1138095389555147
129072070462574
217020228644903
847049758743212
293485624325777
1893260450900294
1425132224173291
1420933684611592
2269593979938055
756567881057213
555667907840321
23383061178
366895396797760
1236496389757694
106209110756109
919600354764470
331656690573432
827651707624596
1797971127091076
342177959252567
848418248592938
106052287493506
1502906106399568
986632511389544
359428135653
281538198876451
122613244456987
464564500328137
177463958820
138467959508514
175011370072
140756626348453
63747235515
225743397567375
182826235081589
254489607940874
749767935035599
285293831544327
872178652840938
122545052213
1542166686041969
386081579611
135333302521
199489463414895
278719805609935
221308405232458
301320739957434
511522289312593
2181890112083377
1444289909225071
174632483095035
308914176648299
111335038951442
1132036383505927
1159290760760372
216616888388365
1028485800648942
102421616507356
218483321987422
400199510122775
104146484475875
805525959803361
2314437705487604
126062048794699
292195811508959
1433140450311123
1323686880995866
45279860059
721495644651442
718427934878590
213955426014
1500140530273695
176578701380
366753113394254
706028762931671
1681069158802635
1317579794967373
1305679496156477
291619544902883
1437260566588938
110432309005026
504009276416849
679436595768883
212639312877487
338121056834747
152967001713
1998901183771358
1511450892473602
480613215334555
114998944652
595395014287837
1570975959815201
232810790604520
320863528280075
869747073139286
198229603695232
119531105347590
712666142257159
107292983288966
101610618039808
1952983004979850
260304258226388
109324917203346
175764826377020
1173337366160400
1656348764609603
1619528174789060
2399157893448733
101077351301136
207259696630788
322957217829457
1768274506757262
294937380948650
428443370862049
2087927944590573
120938224645014
899892343395019
689180877797282
504890072882970
819805781505064
2078762739035981
1681740012089921
510183999153992
54640456510
290283264865393
827663637334730
106609810823811
937747122924760
112393176137285
478697642599280
809689202435612
425880261121313
182021772554395
102977414492997
1064053380296196
1603376626545892
215080941995506
143825332354796
417472781672111
1324588097559760
125557434265920
956272384524996
415776388610889
329141797284857
277791795671143
1061682910514953
435511976608415
103691419720823
222969917721982
467858433271913
383661433816
1804748056421247
299990956783935
579278445579815
293472144188758
52514675748
1639381942970616
207908852917762
2269919183285424
574809636030829
2076072629317635
1912031319054277
232141455711
144374372257245
402326689859554
1831007753802935
187042641367180
707834532662175
199070323459313
232642253755756
461285947415480
416859345097928
137217173136500
1798159443780571
119430948675396
333871573631662
210654825798569
176917875655615
354233318505499
963129240441636
820561528066823
218214268352124
544599269044137
550626811741576
148190188657237
244396712660840
297433063652008
1604462383123377
215425135533990
509347869158650
1220358671362699
1707645606128709
167583983810605
1960925284223021
617563388405283
295001374333030
1687919931458327
129602993787926
701256013289880
384121131953920
136967246336395
1614298722221088
167112606823083
454284331389580
1722596714436726
904072513015063
681068398602209
187429991755572
1649277248651834
1464407987180701
1386516561645015
1230768667048912
1784621525094691
227985983897092
446855452356958
644550835654153
606285152833976
779214332276284
140250619691235
1016531768434631
1346749892069251
460624051370262
498871073484587
567973696708002
122963861628978
996275777060947
1407313609579648
201628263199586
1399396003676732
555127207830795
1029336443743625
167156993310252
108679542536375
1621897814709239
766238850091640
208190689594332
1177334942309624
135606610370120
100015056493895
1583326195073254
457749107917787
606359676157553
217550298294201
465723577141350
738500429610762
947677478653888
742393435871897
