7139255865
23055350398
7151667394
2289880073
10405081836
1961307099
4277456446
6285861264
5844048390
1646269200
4864283242
4517030597
3681079408
2214802238
4394228779
4081020884
3225650624
2278686442
4606197971
5482776419
6190565931
1557012000
3270520420
5864601772
1993699374
5535536261
2539445372
2105796757
1827044717
1458845479
5469831536
259804442
2879340420
4032057278
7057653976
4467977886
2269088365
173837791
1346826566
5466749104
1601333386
6441361608
3060174961
1425288710
4515708905
2958665863
4606426918
2305211035
1817944046
2261493896
1679983269
4353022842
2325212354
2562482588
1482820174
3474437660
2115014053
3487711608
1603058965
3546858945
1247810519
5843749980
2980025160
2305324708
1900957336
3282078057
3019126107
3282344974
6444184004
3577250468
1575370673
2468620247
2699316067
4556869100
2091486311
7230992406
6044624952
3799396300
7011210761
6137278124
4552172494
5817012742
6730879082
4367059085
5409572845
3178886648
387805900
3317251151
9503537257
3059720783
3898729931
4649940221
2295346284
1977141635
2147451363
5444019709
4463653693
2142213578
3796949179
6157128675
1994755924
6329551081
4142926332
3668403949
8011270039
2090763378
9393505417
6668780
