6668780
2115014053
173601876
4590560514
6962813839
10017092203
1450421687
11339946611
7594941311
9705437621
20012708111
1370224274
40528624
21486679604
10421750515
2922229933
7457241460
31681799295
327693598
16278726
468166817
935668233
30535780041
8624810868
3286401357
4981461134
5855616677
5855616677
1527886079
2295436391
935668233
935668233
624806427
2714852415
2890650791
3638674196
23420975557
4037463969
26083401769
8439111037
511704728
935668233
25980770
268252141
1474043770
1035289580
7685740915
935668233
4396111953
935668233
461954299
29829646737
4234663959
12080293624
5475273873
6743424730
6017455635
1612977390
9073036491
30022242377
29460255859
1995302096
16016211452
11414928659
25358630526
9659186555
8318401867
3659073344
7133544453
10221488559
21453211561
2945643599
1900957336
2219901178
3150779906
3626828772
2274634409
3146793917
8424082649
8774966700
6046755721
6426780377
4543553038
4920760476
8600505633
5581126403
8392263653
4083619884
6548265795
5788709048
8532396269
8570925723
11637615392
4751865476
8004711849
3666690561
9131880725
6189367286
7222031379
5669961208
6500211368
7520536801
7049407174
4490109791
8481800431
5358307056
10373606199
1247810519
1900957336
2305211035
4858263862
2468620247
2325212354
2261493896
3282078057
1817944046
4698662576
2996708509
4355222081
8956989872
5591982161
6861409654
11583144871
3108176917
303356681
1476725658
3022439499
2271651797
1602351361
2878472033
3173498250
1988983439
3582067913
2281295165
2539445372
3282197007
1282254958
3231597496
1910199291
3054038214
2108199171
5863011871
7903681629
9695384391
1591802222
2312397467
2232106618
1707733683
6232608386
9001550224
7762864296
3966306573
7972987605
2244287830
1694282316
2092310454
4377555016
3529341147
3175639764
3031980898
4625735531
1517624384
4355461741
3430200208
1627712895
1814282695
4779516261
2910442381
4132584374
4168976042
4170444007
9679392423
3439015676
1795594093
3005560552
2034812110
3203898719
2284943903
2278623983
2217086063
5332328662
6834600059
3731131863
2271011075
4257533983
1825116058
2927265408
2228730470
3176045848
3898729931
3292852556
5710496091
1460486829
9301135114
10393476921
11081228301
6163805179
9189182396
4921966871
3059595408
8337763595
9858627828
2901320509
7612159277
7450989408
3437741729
1364413893
11663025341
5432275367
4218888301
7136439869
4324633047
1502538824
3951733542
3207347560
3661348897
3599400355
4200835456
2939683120
1721712422
11455923973
6032942464
3905635481
8077234175
6891533253
2046834529
4038327046
1473742473
4084070139
1512914188
8286705008
2889838887
1499609571
1467765471
1523658174
3610381623
1522658102
635795419
11759254
53958738
230440779
217766090
181624403
210001131
3586049338
4243115009
9659186555
25358630526
9073036491
1995302096
11414928659
16016211452
1681329239
8664643082
1476542407
3026221466
1501397679
1741854935
1697417063
3831815225
1504996381
23384539614
8633314766
1732772584
7611698048
7904961498
11442102735
4242463168
1497163141
1681375698
3930916543
2520277291
5867749774
2043127020
3016234942
7057653976
1679983269
1994755924
3282344974
3796949179
4463653693
5444019709
2147451363
1977141635
2295346284
4649940221
3059720783
3317251151
387805900
5409572845
4367059085
6730879082
5817012742
4552172494
6137278124
7011210761
3799396300
6044624952
7230992406
2091486311
4556869100
2699316067
1575370673
3577250468
6444184004
3019126107
2305324708
2980025160
5843749980
3546858945
1603058965
3487711608
2115014053
3474437660
1482820174
2562482588
4353022842
4606426918
2958665863
4515708905
1425288710
3060174961
6441361608
4277456446
1346826566
173837791
4467977886
4032057278
1458845479
1827044717
2105796757
5535536261
1993699374
5864601772
3270520420
1557012000
6190565931
5482776419
4606197971
2278686442
3225650624
4081020884
4394228779
2214802238
3681079408
4517030597
4864283242
1646269200
6285861264
1961307099
2289880073
3178886648
9503537257
7151667394
2142213578
6157128675
4142926332
1601333386
2269088365
7139255865
23055350398
5466749104
2090763378
6329551081
5469831536
2879340420
3668403949
8011270039
9393505417
259804442
6668780
10405081836
5844048390
1563110743
3031827003
935668233
2182934
193987071
1256310500
475799221
1681391308
8475852948
209212844
1681402883
8696716284
2049033755
8653332377
6079399943
11544789685
2919229985
7035882765
2031640663
21431405959
6902911745
6942603014
18092119297
10154048073
8142922305
4052969366
8146241102
6206811459
1426177168
28274701958
12490607740
18111750593
7745770556
10157011
8624810868
4105495042
4108039399
1508961412
2237934132
4521777961
1414549397
11818064514
4540643776
2243179866
9152800669
6346859782
2124400594
1450325601
14720712240
24743790792
1904430267
981619777
1477121835
4474897628
1724534347
14759480
8525818055
2227583463
1158907128
10750221711
5562560181
8091203716
7351762494
237092038
2044864565
6682016673
266689531
221989033
5648953801
7869824548
3157518363
4207463014
3721536405
2217290574
6244849285
5959514998
4075299968
8614225220
13970855744
13459190578
3089617898
4491406353
9208660709
7452842264
5566470882
4234937348
3652268578
8468167950
3934151977
1491922872
8614345507
5739465778
8597669211
1286687962
46605516
2235874992
2316766340
3687665755
3923783565
4644345559
320254303
1391572478
6260353835
2064083882
1332061989
2059071572
18390459699
5643871946
8395331363
9530865633
1791936870
9046988340
18515524697
24282987152
851365245
2211989517
3075940449
6292907580
4226576578
2367041801
7245655935
5692550206
4128524310
8187662116
3106889251
6145908213
7479210495
6776375441
5887100505
10015111486
2859826957
11300551768
8096977680
4566160934
6444085611
5721509287
13069578737
12309653343
2214605074
6107497029
7025708215
2958133278
11597623591
11551161419
5877562251
1614494618
3700571095
3650886013
5692501436
6436594726
5785734895
7188563488
1937545414
6237623796
6450891975
5003871703
13350501640
7036357820
4655241075
7313331766
8285529177
4708482567
5009025185
5785543596
13951666387
4702580547
1127205489
4725131225
7154647416
4295440098
8195868875
6034419580
8575616172
1639321898
1678280544
7097806316
4121951954
4928104428
3154580584
7979231243
8424722791
7545619342
3290716374
3285029981
3543077076
7145288064
7518412084
5789557874
8199475142
2964379996
6362433386
12761850821
6007338726
5444748997
4020301881
3641969307
6189781599
1797100990
9631721627
8576590708
7116661934
10162073230
6888334825
6439515235
3093276158
5617798757
4872263543
3065325798
5558132342
3074987920
3123215858
6003898243
5690148907
5816863569
5376606125
6277110367
1072146008
3597439922
11406160505
5786939765
3626004124
7470612239
2503107491
1726584910
637897282
6206865309
5621852169
7495263907
4075042491
3050052471
2543309746
6328781208
7410724620
5882635998
567074173
7948447262
7518917085
1478593772
9218253666
5798392579
7304831912
5499788491
1636788273
3113851220
571046086
10875315987
7428470671
2769005
4178735597
383967534
7774039606
4564590681
3879857240
1455193457
7625030577
5874845122
6040730897
4524517260
187964138
8121410429
11696370769
7269556711
14417370725
12869646104
