7611698048
7904961498
1605008391
4408569130
3026221466
1741854935
1697417063
23384539614
1497163141
3831815225
1504996381
8633314766
4242463168
1501397679
25225800711
15912812773
22936594388
17818125132
3262899243
24859758579
19735757216
2277375979
23168995713
677499876
4836688218
7827837698
3206678417
5531226362
11858793818
18488260278
17920107745
5443491464
4931399053
30274650
13361339340
16960466298
25099884869
3028869623
2240468797
9151344413
7600312011
2324544833
320341645
3314182242
6207363959
24084762194
4249921065
9373873395
2963678217
8615751830
17917893258
1690581643
7482621157
10209320493
4756096432
9212325829
14052700740
7749954943
6349432307
2206547331
1961928306
20238238471
1790367266
1937052958
9061164586
3555165615
7289210418
8397929585
3896397072
3259750012
1619393229
