3259539990
73028047
832175636764450816
74377194
33818937
237127238
2322081114
253425899
66734425
91055439
17088779
1098850503721549824
924679916
459275531
800026548
100255696
133449031
192778075
1185023836061716480
497349828
219527452
255892524
380925170
78408666
911724041253396481
197285431
366987179
197285431
197285431
23343960
69183155
902837643024539651
1000048771953119232
2762376031
1355939492
197285431
1662299406
366987179
125232877
197285431
66734425
620067302
78408666
1282121312
156228971
235473766
24967668
24967668
151885447
346642571
197285431
66734425
1228808910213132290
57904133
179835283
3184723542
2915401872
772689620576395264
1138467176
177848697
600673907
281999519
161236190
3254451158
3265658803
3487774812
3942755425
255933907
877037322918699008
1070905498637979648
310179866
1445782526
817294376296529924
760196015479660544
2836100113
3157323516
1011127437852172288
998852692905607168
1074543595095351298
2326924002
936464300612337669
745121404719267844
873399092398800896
540625251
760663847845830656
760669910666059776
3797621544
613267406
465293692
905031538772869120
853529342101536768
1005032088259588096
1492785104
4746133284
1102199186370387969
2959657974
822784336269176832
1032935258218360833
4717543040
704488016639762432
187737193
347016667
4746073878
2987013453
715350475520892928
81799468
4842669138
1461559754
1117975845505605637
155418706
378403540
717581422085545984
4183915512
465493775
2975971327
3346158793
99048652
276891410
69274116
773049748307574784
975609938
733179528323858432
238154251
1597595168
73309923
4905687912
745130004955029505
1090134240224628736
2851884746
189848067
263976483
244063772
833524681
1915742712
2348697985
214818815
948800430
836611718
1183645657816391680
1373913877
1518516308
154072765
2585402049
796546309809471488
922400719444963328
86193226
793369265868935168
819496867
2799629227
86864472
120943056
531980795
69166306
214823582
64310527
757798365933383680
57904133
52778170
265196309
201652837
62455266
3272444328
1355939492
1355925366
1530312908
3239974550
247142024
742915088
211786860
150215037
1595676061
1209026480476307456
112982401
712203528450641921
254013393
397177413
1601959920
875639154
1024522797513461760
775899503027220480
965871936545816577
3195998996
1676390978
259610589
517105241
2461082029
4852271638
602415739
125923625
956078972906778625
70903404
153338667
104714478
183718365
274895088
1869673304
153667051
2413697946
142718499
1266013471
977870468
211415705
594386753
793252296
705276546735407104
244817932
740725770629173248
513869120
201521121
552542839
271864689
220151003
2173872572
1056632564
491093497
914395482
151319457
3021760068
248502471
1871035531
950325511900639232
1853419104
725189208705486849
346303384
260571311
108543358
106035510
1397032298
393838920
960462499349843969
606130780
3099316873
1155994609
2890981364
2884911432
235021856
1240689786
2934347287
732188412
175261567
2889531644
631701837
802380540
409757397
2493957026
104695582
121293218
482857866
337900378
714719021816541184
160858057
1489335858
3522129133
1629234236
4787817264
282006208
2734971967
40580714
960382456267288576
1946587350
209472047
1186698250457243648
1187281119978258432
345415653
3777980532
410543967
3292664263
143088842
1312420542
43088704
73028047
1187585717779611648
3259539990
90363665
2989211223
185080265
1733672689
197285431
17093617
42793960
86107125
39954364
947029394
280834900
113271721
1977100855
515203442
3030145120
33464983
2983890506
72293042
30617522
943217996
2278411406
273322456
600582451
3247390208
912244772332388352
1103848245216698368
288692148
1479362257
3178160455
1178481694220800001
951649806253932544
203740486
3042987860
2278761810
1044120296729374720
3017114659
793749078295273472
193211598
314417594
2783597864
69517491
2918220434
1682357677
732329220
2661838418
855271887261147136
304822906
155787551
3191936863
1075673058931806208
3166153332
1463882648
1165912576187719680
1158941940865327105
1154717234742173696
44606329
1125935612236746753
3093810535
995648996
2787355634
770140015980666880
939838376152252416
1134212678145126400
738187231383298048
60324245
1303750062
79065882
1524173227
1348355610
934165194
1043334719419514880
178620926
2263050565
1408314216
2453565817
732986285736923136
2158805748
290003787
155508765
866964914316820480
576951764
3138216163
1195189032948387840
3235674403
862704750445199361
88355198
1181437881086181376
3033214495
1340679894
1184316416943476736
83867535
112808546
1146696675282440192
503919584
1340875237
1163746928288387072
847603237
2572973718
1172789805341536256
2255856920
1053119904692355073
2246996654
3632593458
3310448899
3425553587
2196050078
3425934341
219229189
732209157118545920
913359067296526336
1150403208
3116456634
2966131271
721596699135897600
3043743570
2922485156
284877984
3314637968
3279621541
1145253512936415232
3423888039
3427954833
3044642225
3089399980
718134061731090432
2965883931
115076721
3425373425
3402821158
3055887520
2997599461
983299577288765440
973983129634529285
227040034
698073862169366530
992074977175375874
983613076879556609
3297480027
2941408716
770433357477924864
65746978
2421431437
475730169
367198167
2963135551
3417901067
984261269510225921
2742074927
3314172242
454868819
1126877065683189760
912978102153809920
783194749377187840
968403125341077504
915266944391053312
903100073256652800
781769985530089472
749845969047552000
2882876058
909263959533981696
3314164532
1098200743415373825
2965898277
3429360035
3422328899
1017059718903107584
156088037
2444817997
2962314666
3084322180
964622313734987776
137358476
226476015
1183205198
3313430371
710314811263983616
3420346323
986518864765898752
515174495
3313448790
2148602575
980697741977440256
3320089849
2603655553
475056285
2905469193
2981054484
2181593202
2405191680
2884398214
3315150792
983424291105574912
1343799062
959437927423139840
533233011
965109781382885378
2346506863
742926921365782529
930278716818599936
2472481890
479672212
986058483618414592
982254183855214592
735053739833364481
3228182658
753518197261869056
3075590563
3415530101
825008089975775232
2999074400
968027680569544704
2964714444
3406794317
3064669634
3419609109
3313870698
2963423350
742595918835376128
993771438858428417
3409931320
264139663
2160025940
3422498465
2228316782
2874203507
973361766821388289
970572213505134592
4722482142
2951982959
395319702
3421178193
446914799
3064336779
3030273568
983621368301236225
2889760375
889082730322866177
864468671934156801
970974773068140544
34579566
1374458952
1004244457951121408
987938701148737537
1004348582164598789
1121501376897536007
3305465765
995513049137143808
2960456436
1481503638
152845214
966356042354438146
974456190418657280
1494643496
970362677523550213
718347665403224064
85596149
760931796590612481
824640654911426560
1110327404826759168
124428982
1702962860
706294976
995563214850150400
11390892
2336563895
129801946
62415022
2962789798
132107194
726949305668366336
2181784986
983750217534078976
967932219049168896
72237250
2947666015
1881902449
817850257488879617
16534424
173835911
1171982616104488961
189452156
3178449726
1019484806235770880
969133950437269504
973006040865193984
708324934594985984
3184723542
